t: [0.00e+00 9.99e-03 2.00e-02 ... 1.28e+02 1.28e+02 1.28e+02]
Rot: [[[ 0.97  0.24 -0.05]
  [-0.24  0.97 -0.01]
  [ 0.05  0.02  1.  ]]

 [[ 0.97  0.24 -0.05]
  [-0.24  0.97 -0.01]
  [ 0.05  0.02  1.  ]]

 [[ 0.97  0.24 -0.05]
  [-0.24  0.97 -0.  ]
  [ 0.05  0.02  1.  ]]

 ...

 [[-0.55 -0.84  0.05]
  [ 0.83 -0.55 -0.06]
  [ 0.08  0.01  1.  ]]

 [[-0.55 -0.84  0.05]
  [ 0.83 -0.55 -0.06]
  [ 0.08  0.01  1.  ]]

 [[-0.55 -0.84  0.05]
  [ 0.83 -0.55 -0.06]
  [ 0.08  0.01  1.  ]]]
v: [[ 0.6  -0.15  0.03]
 [ 0.61 -0.15  0.03]
 [ 0.61 -0.15  0.03]
 ...
 [ 0.43 -0.65 -0.11]
 [ 0.43 -0.65 -0.11]
 [ 0.43 -0.65 -0.11]]
p: [[ 0.00e+00  0.00e+00  0.00e+00]
 [ 6.05e-03 -1.49e-03  3.33e-04]
 [ 1.22e-02 -2.99e-03  6.67e-04]
 ...
 [-1.55e+02 -5.26e+02 -7.01e-01]
 [-1.55e+02 -5.26e+02 -7.01e-01]
 [-1.55e+02 -5.26e+02 -7.02e-01]]
b_omega: [[ 0.00e+00  0.00e+00  0.00e+00]
 [-9.30e-15  1.91e-14 -1.27e-13]
 [-4.40e-14  5.48e-14 -3.49e-13]
 ...
 [-1.41e-06 -8.14e-06  2.53e-07]
 [-1.41e-06 -8.14e-06  2.53e-07]
 [-1.41e-06 -8.13e-06  2.53e-07]]
b_acc: [[0.00e+00 0.00e+00 0.00e+00]
 [6.47e-12 2.73e-08 4.12e-09]
 [2.41e-11 7.52e-08 1.18e-08]
 ...
 [1.47e-02 6.65e-03 2.38e-03]
 [1.47e-02 6.65e-03 2.38e-03]
 [1.47e-02 6.65e-03 2.38e-03]]
Rot_c_i: [[[ 1.00e+00  0.00e+00  0.00e+00]
  [ 0.00e+00  1.00e+00  0.00e+00]
  [ 0.00e+00  0.00e+00  1.00e+00]]

 [[ 1.00e+00 -1.30e-08 -1.96e-09]
  [ 1.30e-08  1.00e+00  6.48e-11]
  [ 1.96e-09 -6.48e-11  1.00e+00]]

 [[ 1.00e+00 -2.39e-08 -3.80e-09]
  [ 2.39e-08  1.00e+00  1.15e-10]
  [ 3.80e-09 -1.15e-10  1.00e+00]]

 ...

 [[ 1.00e+00 -8.17e-04 -2.40e-03]
  [ 8.17e-04  1.00e+00 -6.21e-06]
  [ 2.40e-03  4.25e-06  1.00e+00]]

 [[ 1.00e+00 -8.17e-04 -2.40e-03]
  [ 8.17e-04  1.00e+00 -6.21e-06]
  [ 2.40e-03  4.25e-06  1.00e+00]]

 [[ 1.00e+00 -8.17e-04 -2.40e-03]
  [ 8.17e-04  1.00e+00 -6.21e-06]
  [ 2.40e-03  4.25e-06  1.00e+00]]]
t_c_i: [[ 0.00e+00  0.00e+00  0.00e+00]
 [-4.39e-07 -1.77e-08  1.18e-07]
 [-8.14e-07 -3.46e-08  2.17e-07]
 ...
 [-1.13e-01  1.96e-03  5.59e-02]
 [-1.13e-01  1.96e-03  5.59e-02]
 [-1.13e-01  1.96e-03  5.59e-02]]
measurements_covs: [[ 0.97 10.2 ]
 [ 0.98 10.07]
 [ 0.98 10.18]
 ...
 [ 1.   10.09]
 [ 0.99 10.1 ]
 [ 1.   10.01]]
